C:\Users\Sumeyye\Anaconda3\envs\DeepLearningEnv\python.exe C:/Users/Sumeyye/PycharmProjects/ComputerVision/HW2-2/hw2-rapor-parisabc.py
selected_point_pairs_im_source
[(307.9521872307839, 243.00416387479652), (310.4026514788935, 258.93218148750833), (317.75404422322197, 258.93218148750833), (353.2857758208098, 279.7611275964391), (383.9165789221786, 278.53589547238437), (388.81750741839767, 280.98635972049385), (405.97075715516416, 274.8601991002201), (436.60156025653293, 267.5088063558916), (516.2416483200918, 343.47319804728625), (577.5032545228295, 251.58078874317982)]
selected_point_pairs_im_dest
[(12.339030653185688, 236.27483549991985), (15.420398009950262, 254.7630396405072), (23.637377627989096, 254.7630396405072), (67.80364307494784, 278.3868560423689), (103.75292890386777, 279.41397849462373), (109.91566361739689, 282.4953458513883), (129.43099021023914, 275.3054886856043), (163.32603113464936, 269.1427539720752), (236.25172524474405, 342.0684480821699), (291.7163376665062, 258.87152944952663)]
x_values:  [array([-559.24097798]), array([345.70740217]), array([331.9575678]), array([-673.50680408])]
y_values:  [array([-193.61260557]), array([56.51779109]), array([623.81573256]), array([454.37104122])]
offset_x:  -674  - offset_y:  -194
size_x:  1020
size_y:  818
homography_inverse:  
 [[ 3.36901347e-01  4.70944166e-02  1.97527111e+02]
 [-1.70624596e-01  6.17303831e-01  2.40975370e+01]
 [-5.67347276e-04  3.58714457e-05  6.89661318e-01]]
homography        :  
 [[ 1.96691871e+00 -1.17559787e-01 -5.59240978e+02]
 [ 4.81475201e-01  1.59446665e+00 -1.93612606e+02]
 [ 1.59303521e-03 -1.79643320e-04  1.00000000e+00]]

Process finished with exit code 0
