C:\Users\Sumeyye\Anaconda3\envs\DeepLearningEnv\python.exe C:/Users/Sumeyye/PycharmProjects/ComputerVision/HW2-2/hw2-rapor-parisabc.py
selected_point_pairs_im_source
[(368.35726518379573, 222.19322514220477), (349.7636139370832, 199.68512100144756), (316.49076433770307, 260.35914085914084), (234.28725356276374, 187.94176231931334), (194.16411139880523, 192.83482843686926), (180.46352626964875, 202.6209606719811), (166.76294114049216, 219.25738547167117), (152.0837427878244, 217.30015902464885), (150.12651634080208, 293.63199045852105), (92.38833615364229, 229.043517706783)]
selected_point_pairs_im_dest
[(589.455985437157, 229.86244090637393), (564.6774167255338, 205.08387219475082), (530.7699016464707, 275.5071727435744), (434.2638971906754, 203.77973699940225), (397.74811172091506, 212.90868336684235), (384.70675976742916, 219.42935934358525), (370.36127261859474, 237.68725207846546), (358.6240558604575, 237.68725207846546), (358.6240558604575, 309.4146878226376), (307.76278324186273, 250.7286040319513)]
x_values:  [array([246.5753903]), array([960.19352206]), array([1246.01411897]), array([227.81496457])]
y_values:  [array([78.07223819]), array([-80.70543317]), array([486.96581046]), array([684.86366114])]
offset_x:  227  - offset_y:  -81
size_x:  1020
size_y:  766
homography_inverse:  
 [[ 1.55701902e+00  7.14375125e-02 -3.89499859e+02]
 [ 3.21736591e-01  1.44602867e+00 -1.92227021e+02]
 [ 1.14281572e-03  5.94840816e-04  6.71769215e-01]]
homography        :  
 [[ 4.87205344e-01 -1.25500862e-01  2.46575390e+02]
 [-1.95562408e-01  6.69094574e-01  7.80722382e+01]
 [-6.55667769e-04 -3.78970038e-04  1.00000000e+00]]

Process finished with exit code 0
